list(alpha0=10, alpha1=10, alpha2=10, alpha12=10, tau=0.5, b=c(0.1, -0.2, 0.25, 0.11, -0.21, 0.3, -0.25, 0.15, -0.31, -0.1, 0.1, 0.12, 0.2, -0.2, 0.4, -0.24, 0.14, 0.3, -0.2, 0.1, 0.05), theta=c(28, 8, -3, 7, -1, 1, 18, 12), mu.theta=0, sigma.theta=1000)
