list(alpha0=1, alpha1=1, alpha2=1, alpha12=1, tau=0.1, b=c(0.1, -0.2, 0.25, 0.11, -0.21, 0.3, -0.25, 0.15, -0.31, -0.1, 0.1, 0.12, 0.2, -0.2, 0.4, -0.24, 0.14, 0.3, -0.2, 0.1, 0.05))
