list(mu.beta=c(0, 0), tauC=1, beta=structure(.Data=c(100,6,100,6,100,6,100,6,100,6,100,6,100,6,100,6,100,6,100,6,100,6,100,6,100,6,100,6,100,6,100,6,100,6,100,6,100,6,100,6,100,6,100,6,100,6,100,6,100,6,100,6,100,6,100,6,100,6,100,6), .Dim=c(30,2)), R=structure(.Data=c(1,0,0,1), .Dim=c(2,2)))
